function res = getExamples()
% for specific sketch instances
    res{1} = [1,10,11,12];
    res{2} = [1681,1682,1683,1684];
    res{3} = [2641,2642,2643,2644];
    res{4} = [3601,3602,3603,3604];
    res{5} = [3841,3842,3843,3844];
    res{6} = [4001,4002,4003,4003];
    res{7} = [4641,4642,4643,4644];
    res{8} = [4721,4722,4723,4724];
    res{9} = [5281,5282,5283,5284];
    res{10} = [8481,8482,8483,8484];
    res{11} = [10721,10722,10723,10724];
    res{12} = [12161,12162,12163,12164];
    res{13} = [12801,12802,12803,12804];
    res{14} = [14801,14802,14803,14804];
    res{15} = [14881,14882,14883,14884];
    res{16} = [17201,17202,17203,17204];
    res{17} = [18481,18482,18483,18484];
    res{18} = [18961,18962,18963,18964];
end